- OS: Windows-10-10.0.19045-SP0 10.0.19045
- Python: 3.11.9
- Stable-Baselines3: 2.7.0
- PyTorch: 2.9.1+cpu
- GPU Enabled: False
- Numpy: 2.2.6
- Cloudpickle: 3.1.2
- Gymnasium: 0.29.1
